52 32
3 12 12 14 8 9 5 2 6 6 6 6 6 6 6 6 15 
1 Ярмольника Валентина Романовна 1 1 1234 9 0 0 0 0 0 0 0 0 13-апреля-2020 1
2 Рябец Фома Эмилевич 0 1 1234 5 1 1 2 3 1 3 1 2 29-марта-2020 1
5 Сухиха Вероника Романовна 1 1 1234 6 1 2 2 1 0 1 1 0 30-марта-2020 0
6 Негес Мстислав Дмитриевич 0 1 1234 3 0 2 1 1 0 0 1 0 30-марта-2020 1
7 Тюрин Борис Сергеевич 0 1 1234 7 0 0 0 0 0 0 0 0 29-марта-2020 1
8 Летавина Клара Вячеславовна 1 1 1234 2 1 1 2 3 1 3 1 2 28-марта-2020 1
9 Фламин Мстислав Потапович 0 1 1234 8 1 2 2 3 0 1 1 2 27-марта-2020 1
10 Коржаева Дарья Игнатиевна 1 1 1234 1 0 0 3 0 2 0 0 0 27-марта-2020 1
16 Лашманова Фаина Марковна 1 0 1111 5 0 0 3 0 0 1 0 0 29-марта-2020 1
17 Будылина Рената Романовна 1 0 1111 1 1 2 2 1 0 1 1 0 29-марта-2020 1
18 Семенова Ева Кузьмевна 1 0 1111 7 0 2 1 1 0 0 1 0 29-марта-2020 1
21 Щередин Марк Григориевич 0 0 1111 9 1 2 2 3 0 1 1 2 29-марта-2020 0
22 Чукчов Трофим Геннадиевич 0 0 1111 8 0 0 3 0 2 0 0 0 30-марта-2020 1
23 Кирилишен Харитон Остапович 0 0 1111 4 1 1 2 1 2 1 1 0 30-марта-2020 0
24 Жигунов Варфоломей Якубович 0 0 1111 3 0 0 1 1 0 0 1 0 29-марта-2020 1
25 Галиаскаров Трофим Никифорович 0 0 1111 2 0 0 0 0 0 0 0 0 28-марта-2020 0
31 Огурцов Аркадий Саввевич 0 2 3030 5 0 0 0 0 0 0 0 0 29-марта-2020 0
32 Гагарин Герасим Егорович 0 2 3030 2 1 1 2 3 1 3 1 2 29-марта-2020 1
33 Шипицына Валерия Александровна 1 2 3030 7 1 2 2 3 0 1 1 2 29-марта-2020 0
34 Витаева Ариадна Никитевна 1 2 3030 1 0 0 3 0 2 0 0 0 13-апреля-2020 1
35 Мячина Таисия Олеговна 1 2 3030 4 1 1 2 1 2 1 1 0 29-марта-2020 0
36 Храмова Милена Якововна 1 2 3030 6 0 0 1 1 0 0 1 0 29-марта-2020 1
37 Карамзин Василий Проклович 0 2 3030 3 0 0 0 0 0 0 0 0 29-марта-2020 1
41 Созонтова Ольга Ефимовна 1 0 7777 1 1 2 2 3 0 1 1 2 29-марта-2020 0
42 Кайназарова Анна Марковна 1 0 7777 1 0 0 3 0 0 1 0 0 28-марта-2020 1
43 Сильвестров Феофан Ефремович 0 0 7777 2 1 2 2 1 0 1 1 0 27-марта-2020 0
44 Лимаров Харитон Андриянович 0 0 7777 1 0 2 1 1 0 0 1 0 27-марта-2020 1
45 Ширманова Дина Несторовна 1 0 7777 1 0 0 0 0 0 0 0 0 30-марта-2020 0
49 Куджиашвили Станислав Агапович 0 0 7777 1 1 1 2 3 1 3 1 2 28-марта-2020 1
50 Ямбушева Зоя Фомевна 1 0 7777 1 1 2 2 3 0 1 1 2 29-марта-2020 1
51 Петров Иван Васильевич 0 0 1111 6 0 1 0 0 1 2 1 0 13-апреля-2020 1
52 Никитин Павел Степанович 0 1 1234 4 1 0 1 0 1 0 1 0 13-апреля-2020 1
